 i src       out  lastend gap_ms  timeline
 0 0075    80.31    79.91    400     2.00-  12.91  EXT
 1 0076    18.57    18.17    400    13.00-  17.19
 2 0076    29.00    28.60    400    17.30-  21.05
 3 0076    51.46    51.06    400    21.16-  32.52
 4 0077    72.16    71.76    400    33.90-  38.42  EXT
 5 0079    53.88    53.48    400    38.57-  40.89
 6 0079    64.20    63.80    400    41.01-  47.37  EXT
 7 0081     5.06     4.66    400    47.51-  49.67
 8 0084    94.42    94.02    400    54.85-  60.23
 9 0087    48.23    47.83    400    62.73-  66.54
10 0087    53.89    53.49    400    66.66-  68.45
11 0087    60.17    59.77    400    68.55-  73.68
12 0088     5.59     5.19    400    73.81-  79.00
13 0089   147.94   147.54    400    79.11-  86.50
14 0090   109.77   109.37    400    91.76-  97.63
15 0090   116.55   116.15    400    97.74-  99.63
16 0091     5.86     5.46    400   101.22- 105.04
17 0092     9.68     9.28    400   105.16- 106.91
18 0093    12.14    11.74    400   110.35- 118.07
19 0094     9.43     9.03    400   118.37- 125.46
20 0094   163.13   162.73    400   128.73- 134.88
21 0100    37.32    36.92    400   153.79- 156.65
22 0101     8.63     8.23    400   156.87- 162.76
23 0102     8.50     8.10    400   162.88- 166.88
24 0102    25.88    25.48    400   166.99- 175.47
25 0102    89.32    88.92    400   175.58- 183.16  EXT
tail check: 26 pieces, min gap 400 ms, 4 extended
